

Instance: /TSP/berlin52.tsp
Method: BRKGA
Sol: 17 2 16 20 41 6 1 29 22 19 49 28 15 45 43 33 34 35 38 39 36 37 47 23 4 14 5 3 24 11 27 26 25 46 12 13 51 10 50 32 42 9 8 7 40 18 44 31 48 0 21 30 
ofv: 7542.000000
Best time: 0.037
Total time:10.004 


Instance: /TSP/lin318.tsp
Method: BRKGA
Sol: 220 224 312 230 231 238 239 240 241 242 237 232 229 228 233 236 235 234 227 226 225 221 212 217 218 214 213 222 223 243 244 247 248 246 245 313 249 258 254 257 259 264 265 268 314 266 263 260 256 253 250 251 252 255 261 262 267 271 272 270 269 317 274 275 296 297 303 304 309 308 307 299 298 290 284 283 279 278 282 285 289 295 302 300 301 305 306 310 311 204 199 198 192 191 294 292 291 287 293 288 286 281 273 276 277 280 169 170 164 165 167 166 162 157 156 150 147 146 145 148 151 155 158 161 209 163 59 60 65 64 171 172 175 182 186 187 189 188 190 183 181 176 168 177 180 184 173 174 178 179 185 193 194 203 202 197 200 201 205 206 99 94 93 196 195 86 87 89 88 98 97 92 101 100 96 95 91 90 84 83 82 81 77 70 67 66 63 71 76 78 85 79 75 72 80 74 73 68 69 62 61 104 58 55 54 49 47 44 48 316 315 39 103 43 46 50 53 56 57 52 51 45 42 40 41 36 35 25 24 17 16 15 26 23 18 11 19 22 27 32 31 30 29 28 21 20 102 14 10 9 6 5 1 0 2 7 8 4 3 105 106 110 111 114 115 12 13 119 125 126 133 207 124 127 132 134 135 136 33 34 38 37 144 153 160 159 154 152 149 208 137 131 128 123 116 107 112 113 121 120 122 129 130 140 141 143 142 139 138 118 117 109 108 210 211 215 216 219 
ofv: 42817.000000
Best time: 42.773
Total time:42.774 
